partition  0  has labels  [57, 180, 228, 236, 254, 302, 308, 327, 559, 712, 727, 736, 754, 773, 816, 832, 842, 843, 1055, 1090, 1124, 1135, 1169, 1193, 1204, 1297, 1324, 1411, 1419, 1486, 1518, 1525, 1563, 1654, 1693, 1798, 1818, 1920, 1951, 2160, 2198, 2266, 2310, 2332, 2355, 2372, 2379, 2384, 2409, 2438, 2459, 2481, 2582, 2622, 2661, 2842, 2851, 2927, 2951, 2959, 3078, 3086, 3226, 3256, 3342, 3352]
partition  1  has labels  [3321]
partition  2  has labels  [3327]
partition  3  has labels  [1976]
partition  4  has labels  [12, 26, 38, 46, 51, 60, 72, 77, 87, 88, 89, 99, 104, 117, 134, 147, 179, 192, 195, 209, 213, 226, 231, 232, 240, 251, 261, 276, 280, 293, 295, 333, 339, 350, 352, 360, 367, 371, 374, 389, 399, 401, 421, 424, 426, 428, 449, 461, 470, 472, 486, 494, 500, 508, 517, 519, 522, 525, 527, 533, 535, 541, 546, 552, 557, 561, 581, 585, 588, 593, 603, 618, 625, 632, 637, 639, 641, 658, 662, 664, 673, 685, 703, 722, 723, 732, 741, 742, 753, 755, 758, 770, 775, 779, 784, 786, 815, 829, 831, 839, 844, 845, 848, 855, 857, 862, 864, 872, 881, 887, 888, 890, 892, 894, 895, 900, 907, 909, 910, 915, 918, 932, 951, 959, 960, 963, 967, 974, 983, 995, 996, 1003, 1008, 1014, 1015, 1017, 1019, 1033, 1058, 1075, 1091, 1109, 1113, 1125, 1144, 1156, 1166, 1174, 1180, 1186, 1199, 1203, 1208, 1213, 1218, 1224, 1227, 1232, 1237, 1240, 1241, 1246, 1251, 1255, 1263, 1274, 1280, 1282, 1285, 1296, 1298, 1308, 1315, 1316, 1320, 1326, 1341, 1342, 1343, 1353, 1354, 1362, 1384, 1388, 1401, 1406, 1420, 1426, 1427, 1432, 1434, 1446, 1453, 1456, 1460, 1463, 1476, 1478, 1482, 1483, 1484, 1490, 1526, 1528, 1539, 1540, 1541, 1553, 1556, 1568, 1576, 1588, 1592, 1595, 1601, 1611, 1616, 1617, 1618, 1619, 1630, 1641, 1647, 1656, 1669, 1680, 1681, 1682, 1689, 1699, 1704, 1717, 1735, 1740, 1741, 1750, 1751, 1756, 1772, 1788, 1789, 1813, 1824, 1832, 1833, 1835, 1858, 1879, 1885, 1887, 1889, 1895, 1907, 1910, 1938, 1940, 1973, 1977, 1984, 1989, 1990, 2006, 2011, 2013, 2020, 2034, 2053, 2062, 2063, 2072, 2078, 2081, 2109, 2124, 2131, 2146, 2148, 2191, 2192, 2197, 2202, 2204, 2207, 2214, 2216, 2218, 2219, 2246, 2256, 2264, 2270, 2277, 2286, 2288, 2295, 2312, 2321, 2326, 2341, 2349, 2351, 2367, 2392, 2393, 2394, 2395, 2408, 2425, 2427, 2430, 2460, 2473, 2484, 2485, 2494, 2499, 2511, 2519, 2522, 2524, 2534, 2541, 2545, 2565, 2574, 2589, 2591, 2595, 2607, 2608, 2624, 2636, 2650, 2655, 2658, 2662, 2668, 2675, 2681, 2691, 2693, 2698, 2700, 2718, 2722, 2731, 2761, 2770, 2789, 2790, 2795, 2801, 2810, 2817, 2820, 2824, 2834, 2847, 2852, 2863, 2868, 2876, 2880, 2881, 2883, 2888, 2889, 2897, 2906, 2918, 2923, 2932, 2957, 2966, 3006, 3021, 3025, 3032, 3033, 3039, 3045, 3047, 3050, 3052, 3054, 3070, 3087, 3089, 3104, 3107, 3108, 3115, 3141, 3146, 3153, 3157, 3191, 3192, 3199, 3205, 3213, 3227, 3231, 3257, 3261, 3285, 3290, 3293, 3299, 3302, 3305, 3314, 3331, 3337, 3353, 3357, 3364, 3365, 3376, 3393]
partition  5  has labels  [1627]
partition  6  has labels  [301, 1496, 1535, 1674, 1912, 1949, 2909, 2910, 3099, 3286, 3367]
partition  7  has labels  [2417]
partition  8  has labels  [2685]
partition  9  has labels  [2788]
partition  10  has labels  [1437]
partition  11  has labels  [253, 718, 778, 1074, 1532, 1943, 2008, 2133, 2158, 2814]
partition  12  has labels  [2911]
partition  13  has labels  [2710]
partition  14  has labels  [21, 96, 124, 133, 162, 185, 222, 223, 299, 317, 378, 385, 386, 406, 417, 503, 531, 544, 555, 556, 564, 574, 600, 601, 606, 620, 652, 654, 670, 680, 697, 725, 752, 756, 762, 903, 904, 939, 940, 946, 961, 998, 1002, 1036, 1037, 1068, 1069, 1104, 1105, 1110, 1114, 1134, 1137, 1140, 1148, 1149, 1151, 1211, 1214, 1216, 1242, 1258, 1301, 1371, 1374, 1398, 1399, 1457, 1471, 1479, 1492, 1497, 1538, 1557, 1569, 1575, 1581, 1604, 1625, 1659, 1732, 1733, 1882, 1913, 1929, 1939, 1952, 1971, 1999, 2023, 2049, 2054, 2058, 2069, 2070, 2085, 2106, 2117, 2122, 2161, 2181, 2230, 2231, 2250, 2257, 2265, 2279, 2305, 2308, 2317, 2318, 2328, 2346, 2365, 2375, 2429, 2444, 2445, 2455, 2486, 2495, 2515, 2553, 2587, 2593, 2600, 2604, 2611, 2612, 2684, 2694, 2727, 2739, 2756, 2791, 2806, 2850, 2857, 2871, 2901, 2917, 2919, 2954, 2975, 2976, 2978, 2982, 2998, 3000, 3009, 3028, 3043, 3095, 3124, 3165, 3170, 3172, 3190, 3208, 3214, 3215, 3217, 3235, 3269, 3296, 3306, 3307, 3377, 3389]
partition  15  has labels  [1742, 2649, 3361]
partition  16  has labels  [336, 745, 749, 883, 1477, 1658, 1827, 1906, 2047, 3350]
partition  17  has labels  [1905]
partition  18  has labels  [284]
partition  19  has labels  [158, 224, 797, 865, 955, 1188, 1481, 1498, 1504, 1552, 1731, 1773, 1786, 2226, 2637, 2787, 3022, 3090, 3118, 3123, 3276, 3354, 3369, 3371]
partition  20  has labels  [704, 777, 3298]
partition  21  has labels  [58, 211, 241, 463, 1252, 1379, 1842, 2271, 2421, 2714]
partition  22  has labels  [1152]
partition  23  has labels  [2073]
partition  24  has labels  [1787, 3297]
partition  25  has labels  [2071]
partition  26  has labels  [290]
partition  27  has labels  [1, 2, 3, 4, 5, 8, 9, 14, 29, 31, 37, 40, 44, 45, 47, 52, 63, 69, 71, 73, 75, 78, 80, 84, 85, 91, 95, 100, 101, 102, 103, 105, 108, 121, 125, 127, 128, 129, 132, 139, 142, 153, 157, 160, 161, 166, 170, 171, 175, 178, 183, 186, 196, 200, 203, 210, 214, 215, 221, 229, 230, 243, 247, 258, 259, 262, 263, 271, 279, 314, 319, 320, 328, 331, 332, 348, 353, 363, 364, 368, 373, 383, 387, 394, 395, 397, 398, 405, 408, 409, 412, 413, 416, 420, 435, 443, 447, 450, 454, 457, 467, 471, 473, 479, 480, 482, 487, 496, 497, 498, 504, 507, 510, 515, 534, 538, 566, 570, 575, 578, 589, 595, 598, 607, 608, 612, 615, 617, 623, 624, 633, 634, 644, 655, 671, 677, 687, 688, 689, 695, 701, 710, 726, 733, 760, 774, 781, 783, 788, 793, 795, 796, 799, 801, 811, 812, 817, 827, 828, 836, 850, 851, 852, 853, 854, 874, 875, 876, 882, 886, 889, 923, 925, 926, 927, 938, 942, 943, 944, 947, 948, 957, 965, 973, 976, 985, 986, 989, 990, 992, 997, 1005, 1007, 1010, 1016, 1021, 1022, 1028, 1029, 1043, 1048, 1061, 1072, 1076, 1080, 1082, 1085, 1087, 1088, 1089, 1092, 1095, 1100, 1103, 1112, 1115, 1126, 1128, 1142, 1147, 1150, 1158, 1160, 1161, 1178, 1183, 1184, 1190, 1191, 1195, 1220, 1226, 1229, 1238, 1239, 1245, 1249, 1254, 1259, 1265, 1275, 1281, 1293, 1310, 1311, 1317, 1322, 1332, 1340, 1351, 1355, 1359, 1364, 1367, 1385, 1393, 1395, 1402, 1404, 1414, 1418, 1425, 1431, 1433, 1435, 1440, 1442, 1444, 1452, 1458, 1459, 1466, 1491, 1493, 1501, 1502, 1508, 1509, 1512, 1524, 1533, 1536, 1546, 1571, 1572, 1573, 1579, 1580, 1583, 1591, 1596, 1598, 1602, 1606, 1612, 1614, 1626, 1631, 1635, 1636, 1640, 1644, 1645, 1646, 1648, 1651, 1657, 1665, 1676, 1678, 1684, 1692, 1703, 1715, 1728, 1737, 1739, 1748, 1753, 1754, 1757, 1765, 1776, 1777, 1779, 1782, 1785, 1801, 1814, 1823, 1828, 1831, 1838, 1839, 1849, 1857, 1860, 1861, 1864, 1865, 1868, 1869, 1872, 1876, 1880, 1883, 1891, 1897, 1900, 1908, 1916, 1919, 1921, 1925, 1930, 1933, 1935, 1957, 1961, 1972, 1978, 1980, 1983, 1985, 1988, 1995, 1996, 1998, 2001, 2003, 2007, 2017, 2018, 2019, 2025, 2028, 2035, 2037, 2038, 2044, 2045, 2050, 2056, 2061, 2076, 2079, 2080, 2083, 2092, 2097, 2101, 2118, 2129, 2130, 2132, 2144, 2149, 2171, 2172, 2177, 2179, 2188, 2189, 2196, 2200, 2210, 2220, 2222, 2237, 2238, 2242, 2243, 2245, 2253, 2254, 2258, 2269, 2274, 2275, 2276, 2285, 2287, 2290, 2293, 2301, 2302, 2306, 2314, 2323, 2324, 2340, 2343, 2357, 2359, 2360, 2362, 2368, 2371, 2383, 2396, 2400, 2403, 2404, 2414, 2422, 2433, 2434, 2436, 2442, 2443, 2446, 2452, 2466, 2467, 2471, 2472, 2474, 2478, 2502, 2509, 2510, 2514, 2516, 2517, 2520, 2528, 2535, 2536, 2538, 2542, 2543, 2544, 2550, 2554, 2558, 2567, 2569, 2570, 2572, 2576, 2583, 2585, 2594, 2596, 2599, 2601, 2610, 2623, 2626, 2632, 2635, 2641, 2642, 2643, 2644, 2646, 2648, 2652, 2653, 2664, 2673, 2674, 2678, 2679, 2689, 2690, 2692, 2704, 2706, 2708, 2711, 2717, 2725, 2728, 2729, 2732, 2734, 2741, 2742, 2745, 2748, 2751, 2754, 2758, 2763, 2764, 2765, 2766, 2769, 2771, 2777, 2784, 2794, 2796, 2802, 2805, 2808, 2823, 2830, 2833, 2844, 2848, 2853, 2856, 2859, 2860, 2862, 2864, 2865, 2867, 2872, 2874, 2878, 2884, 2890, 2893, 2895, 2899, 2912, 2913, 2925, 2930, 2934, 2938, 2944, 2952, 2958, 2962, 2969, 2974, 2991, 2992, 2997, 2999, 3002, 3003, 3005, 3007, 3012, 3014, 3037, 3053, 3058, 3059, 3066, 3069, 3076, 3077, 3084, 3098, 3101, 3106, 3109, 3119, 3126, 3127, 3129, 3130, 3139, 3142, 3150, 3156, 3162, 3163, 3175, 3178, 3179, 3181, 3183, 3186, 3188, 3193, 3197, 3202, 3206, 3218, 3219, 3232, 3244, 3246, 3250, 3254, 3255, 3267, 3272, 3277, 3282, 3289, 3303, 3308, 3310, 3311, 3313, 3317, 3324, 3326, 3328, 3332, 3338, 3339, 3343, 3345, 3347, 3356, 3370, 3381, 3382, 3386, 3390, 3392, 3397, 3399]
partition  28  has labels  [33, 172, 249, 379, 452, 681, 698, 765, 787, 814, 849, 1176, 1200, 1328, 1360, 1381, 1465, 1543, 1562, 1589, 1725, 1775, 1791, 1802, 1846, 2114, 2121, 2190, 2298, 2331, 2347, 2364, 2406, 2449, 2552, 2618, 2904, 2971, 3114, 3196, 3200, 3230]
partition  29  has labels  [2447]
partition  30  has labels  [2507]
partition  31  has labels  [994]
partition  32  has labels  [0, 62, 122, 123, 140, 149, 155, 217, 219, 245, 266, 272, 294, 307, 322, 338, 358, 361, 392, 411, 423, 445, 455, 474, 476, 493, 511, 514, 551, 573, 594, 609, 611, 614, 630, 636, 653, 656, 663, 686, 693, 705, 813, 818, 837, 863, 868, 869, 893, 912, 928, 949, 954, 991, 1009, 1018, 1034, 1039, 1047, 1077, 1099, 1101, 1121, 1130, 1138, 1154, 1159, 1221, 1222, 1233, 1244, 1261, 1304, 1323, 1337, 1365, 1383, 1392, 1397, 1409, 1416, 1436, 1470, 1489, 1517, 1550, 1555, 1560, 1586, 1597, 1610, 1621, 1634, 1652, 1685, 1700, 1709, 1727, 1729, 1766, 1768, 1769, 1770, 1803, 1808, 1815, 1819, 1822, 1826, 1836, 1848, 1852, 1867, 1881, 1902, 1903, 1926, 1942, 1966, 1993, 2012, 2016, 2026, 2048, 2077, 2086, 2087, 2088, 2099, 2102, 2126, 2152, 2153, 2163, 2164, 2165, 2180, 2201, 2209, 2212, 2221, 2247, 2273, 2292, 2296, 2413, 2420, 2463, 2470, 2476, 2491, 2493, 2505, 2508, 2527, 2530, 2537, 2539, 2580, 2598, 2616, 2619, 2630, 2645, 2651, 2663, 2667, 2671, 2686, 2697, 2699, 2724, 2735, 2737, 2746, 2752, 2803, 2804, 2819, 2821, 2858, 2885, 2887, 2902, 2935, 2936, 2964, 2968, 2972, 2993, 3008, 3026, 3044, 3048, 3051, 3071, 3074, 3093, 3097, 3102, 3105, 3111, 3125, 3143, 3167, 3234, 3238, 3263, 3275, 3287, 3288, 3291, 3325, 3351, 3362, 3387]
partition  33  has labels  [969]
partition  34  has labels  [2203]
partition  35  has labels  [2573]
partition  36  has labels  [3065]
partition  37  has labels  [491]
partition  38  has labels  [537]
partition  39  has labels  [2696]
partition  40  has labels  [1011]
partition  41  has labels  [1967]
partition  42  has labels  [176, 780, 929, 1547, 2261]
partition  43  has labels  [2609]
partition  44  has labels  [341, 344, 1318, 2186, 2797]
partition  45  has labels  [11, 22, 39, 66, 68, 70, 94, 111, 115, 126, 138, 151, 159, 198, 202, 248, 250, 252, 257, 289, 296, 315, 335, 345, 346, 384, 400, 418, 439, 442, 509, 521, 560, 583, 584, 629, 647, 651, 672, 683, 719, 728, 738, 740, 763, 791, 800, 821, 833, 835, 847, 878, 898, 917, 1000, 1012, 1051, 1052, 1063, 1066, 1078, 1081, 1097, 1108, 1116, 1118, 1131, 1139, 1155, 1157, 1163, 1165, 1182, 1206, 1248, 1271, 1272, 1283, 1284, 1295, 1300, 1338, 1358, 1369, 1372, 1373, 1387, 1394, 1438, 1464, 1468, 1495, 1527, 1537, 1545, 1548, 1558, 1559, 1608, 1620, 1623, 1639, 1642, 1655, 1691, 1698, 1705, 1713, 1716, 1736, 1767, 1774, 1793, 1797, 1804, 1805, 1807, 1834, 1837, 1840, 1866, 1875, 1904, 1927, 1937, 1941, 1955, 1959, 1974, 1982, 1986, 1992, 2014, 2029, 2032, 2060, 2067, 2096, 2103, 2105, 2107, 2110, 2111, 2115, 2155, 2162, 2170, 2175, 2176, 2178, 2211, 2228, 2241, 2255, 2278, 2291, 2307, 2313, 2316, 2320, 2329, 2333, 2338, 2339, 2353, 2363, 2377, 2378, 2415, 2451, 2479, 2497, 2518, 2523, 2555, 2560, 2568, 2575, 2579, 2588, 2614, 2639, 2657, 2677, 2680, 2682, 2683, 2702, 2705, 2715, 2736, 2743, 2767, 2773, 2799, 2815, 2816, 2836, 2846, 2855, 2873, 2875, 2896, 2903, 2905, 2908, 2920, 2937, 2941, 2947, 2955, 2961, 2967, 2989, 3010, 3031, 3049, 3063, 3092, 3120, 3121, 3151, 3154, 3158, 3164, 3166, 3177, 3204, 3210, 3237, 3240, 3247, 3260, 3265, 3268, 3284, 3295, 3379, 3380, 3383, 3385, 3394, 3395]
partition  46  has labels  [708, 934, 1006, 1026, 1171, 1469, 2361, 3035, 3184, 3216, 3300, 3301]
partition  47  has labels  [291, 826, 1205]
partition  48  has labels  [505, 2098, 2145]
partition  49  has labels  [1584]
partition  50  has labels  [65, 118, 642, 782, 970, 1023, 1053, 1243, 1262, 1554, 2496, 2949]
partition  51  has labels  [268]
partition  52  has labels  [6, 13, 16, 17, 18, 24, 34, 41, 42, 43, 48, 53, 54, 61, 64, 74, 76, 82, 86, 92, 106, 109, 112, 114, 119, 120, 130, 131, 141, 144, 146, 150, 152, 154, 156, 163, 167, 169, 173, 189, 193, 194, 197, 199, 201, 206, 216, 225, 227, 237, 239, 244, 246, 256, 260, 265, 270, 274, 277, 278, 283, 286, 287, 292, 297, 303, 306, 310, 311, 312, 313, 318, 321, 324, 325, 330, 334, 337, 342, 343, 347, 351, 355, 356, 357, 372, 380, 381, 388, 390, 391, 393, 396, 403, 407, 410, 414, 415, 422, 425, 429, 431, 436, 440, 441, 448, 451, 459, 460, 462, 464, 469, 478, 481, 484, 485, 492, 501, 502, 506, 512, 513, 523, 524, 528, 530, 532, 540, 542, 547, 550, 553, 558, 565, 567, 577, 579, 586, 590, 599, 605, 610, 613, 619, 626, 627, 631, 638, 645, 646, 659, 660, 661, 667, 669, 675, 682, 690, 691, 694, 699, 700, 706, 709, 716, 720, 721, 724, 730, 731, 734, 739, 750, 761, 768, 772, 790, 792, 794, 803, 807, 809, 819, 820, 822, 823, 824, 830, 840, 841, 858, 867, 870, 884, 897, 901, 906, 911, 914, 920, 922, 930, 931, 936, 941, 945, 958, 964, 966, 971, 975, 979, 980, 982, 984, 988, 993, 1004, 1020, 1024, 1027, 1030, 1031, 1032, 1040, 1041, 1046, 1054, 1056, 1059, 1060, 1064, 1070, 1079, 1083, 1086, 1098, 1102, 1111, 1119, 1120, 1122, 1123, 1127, 1129, 1132, 1133, 1168, 1172, 1173, 1185, 1196, 1198, 1201, 1210, 1217, 1223, 1225, 1228, 1230, 1231, 1234, 1235, 1250, 1253, 1256, 1260, 1264, 1266, 1270, 1276, 1278, 1286, 1288, 1291, 1299, 1302, 1303, 1309, 1314, 1321, 1325, 1331, 1336, 1345, 1348, 1352, 1361, 1363, 1366, 1368, 1378, 1380, 1382, 1386, 1390, 1400, 1403, 1405, 1407, 1415, 1421, 1424, 1428, 1429, 1430, 1441, 1443, 1447, 1448, 1450, 1454, 1462, 1472, 1473, 1475, 1499, 1506, 1507, 1510, 1514, 1515, 1519, 1520, 1522, 1523, 1530, 1549, 1564, 1567, 1570, 1585, 1587, 1599, 1600, 1605, 1613, 1615, 1622, 1628, 1649, 1660, 1661, 1668, 1671, 1673, 1677, 1679, 1686, 1687, 1688, 1695, 1696, 1701, 1702, 1706, 1708, 1710, 1712, 1718, 1719, 1720, 1723, 1730, 1734, 1738, 1743, 1747, 1749, 1759, 1760, 1762, 1763, 1764, 1771, 1790, 1792, 1795, 1796, 1806, 1811, 1816, 1821, 1829, 1843, 1850, 1856, 1870, 1871, 1878, 1886, 1890, 1892, 1896, 1899, 1901, 1915, 1917, 1923, 1924, 1932, 1934, 1936, 1944, 1947, 1948, 1960, 1962, 1965, 1968, 1969, 1991, 1997, 2002, 2015, 2024, 2027, 2030, 2031, 2043, 2052, 2055, 2057, 2059, 2066, 2068, 2074, 2084, 2089, 2091, 2093, 2094, 2108, 2113, 2116, 2120, 2123, 2125, 2127, 2128, 2134, 2135, 2136, 2138, 2139, 2140, 2141, 2147, 2154, 2156, 2159, 2166, 2167, 2169, 2173, 2182, 2183, 2185, 2193, 2194, 2195, 2199, 2205, 2213, 2217, 2224, 2233, 2234, 2235, 2240, 2244, 2251, 2252, 2259, 2263, 2272, 2280, 2284, 2299, 2309, 2311, 2319, 2322, 2330, 2334, 2335, 2336, 2344, 2348, 2350, 2352, 2356, 2366, 2369, 2373, 2374, 2381, 2382, 2385, 2386, 2390, 2391, 2397, 2398, 2399, 2401, 2402, 2405, 2411, 2412, 2416, 2423, 2431, 2432, 2437, 2439, 2440, 2441, 2448, 2450, 2461, 2468, 2469, 2475, 2480, 2490, 2498, 2500, 2501, 2512, 2521, 2525, 2526, 2533, 2540, 2551, 2556, 2561, 2566, 2571, 2581, 2603, 2605, 2606, 2613, 2617, 2621, 2629, 2634, 2640, 2659, 2660, 2666, 2670, 2676, 2688, 2695, 2707, 2709, 2712, 2713, 2720, 2723, 2726, 2730, 2744, 2747, 2749, 2768, 2776, 2778, 2779, 2780, 2781, 2782, 2783, 2786, 2793, 2800, 2807, 2811, 2812, 2822, 2825, 2826, 2827, 2829, 2835, 2837, 2839, 2840, 2841, 2854, 2866, 2869, 2870, 2877, 2879, 2882, 2886, 2891, 2894, 2900, 2921, 2922, 2926, 2928, 2931, 2939, 2940, 2945, 2946, 2956, 2963, 2965, 2973, 2980, 2983, 2985, 2994, 2995, 3004, 3013, 3016, 3017, 3020, 3024, 3029, 3030, 3040, 3042, 3046, 3055, 3056, 3067, 3080, 3082, 3088, 3100, 3112, 3113, 3122, 3131, 3133, 3135, 3138, 3144, 3147, 3152, 3159, 3161, 3180, 3189, 3198, 3203, 3209, 3211, 3220, 3228, 3229, 3233, 3241, 3243, 3245, 3249, 3258, 3259, 3270, 3274, 3280, 3281, 3283, 3304, 3309, 3315, 3322, 3329, 3330, 3334, 3335, 3336, 3344, 3346, 3348, 3349, 3355, 3359, 3366, 3378, 3388, 3391, 3396]
partition  53  has labels  [50, 148, 181, 255, 340, 349, 366, 370, 520, 696, 707, 771, 885, 935, 950, 968, 1001, 1057, 1071, 1207, 1349, 1521, 1578, 1664, 1778, 1873, 2388, 2489, 2559, 2620, 2753, 2828, 2832, 2838, 2845, 2907, 2916, 2953, 2986, 3068, 3279, 3318]
partition  54  has labels  [2227]
partition  55  has labels  [1884, 1958, 2315, 2716, 3253]
partition  56  has labels  [896]
partition  57  has labels  [1964]
partition  58  has labels  [1445, 2187, 3128]
partition  59  has labels  [190, 191]
partition  60  has labels  [3096]
partition  61  has labels  [2337, 3060, 3136]
partition  62  has labels  [1194, 1746]
partition  63  has labels  [1594]
partition  64  has labels  [30, 1417, 3363]
partition  65  has labels  [3373]
partition  66  has labels  [1344]
partition  67  has labels  [2260]
partition  68  has labels  [7, 59, 110, 174, 220, 233, 264, 369, 375, 376, 402, 404, 456, 458, 490, 536, 569, 580, 597, 616, 621, 666, 678, 838, 859, 891, 953, 977, 1153, 1162, 1167, 1170, 1175, 1192, 1212, 1273, 1313, 1334, 1346, 1439, 1451, 1503, 1511, 1516, 1531, 1544, 1609, 1683, 1799, 1825, 1830, 1847, 1853, 1854, 1877, 1994, 2000, 2046, 2100, 2208, 2225, 2300, 2418, 2428, 2454, 2477, 2513, 2625, 2687, 2733, 2738, 2792, 2798, 2861, 2981, 2990, 3103, 3185, 3262]
partition  69  has labels  [269, 323, 362, 433, 657, 804, 1106, 1209, 1963, 1970, 2248, 2984, 3201, 3360]
partition  70  has labels  [1781]
partition  71  has labels  [2818]
partition  72  has labels  [650]
partition  73  has labels  [20, 25, 27, 28, 32, 35, 55, 79, 81, 83, 90, 113, 136, 137, 143, 145, 165, 168, 177, 182, 184, 187, 205, 208, 238, 242, 267, 273, 275, 281, 282, 285, 298, 305, 309, 316, 326, 329, 354, 359, 365, 377, 382, 427, 430, 432, 434, 437, 446, 468, 475, 495, 518, 529, 548, 549, 554, 563, 568, 572, 587, 592, 596, 602, 604, 628, 648, 665, 674, 692, 702, 713, 714, 715, 717, 743, 744, 748, 751, 757, 776, 789, 798, 802, 806, 808, 810, 846, 860, 866, 871, 877, 902, 905, 908, 916, 919, 933, 952, 962, 972, 978, 981, 999, 1013, 1038, 1042, 1045, 1050, 1067, 1084, 1093, 1107, 1117, 1136, 1143, 1146, 1164, 1181, 1187, 1189, 1219, 1257, 1267, 1277, 1279, 1290, 1292, 1305, 1306, 1307, 1312, 1327, 1329, 1333, 1347, 1357, 1389, 1396, 1408, 1410, 1412, 1455, 1474, 1480, 1485, 1488, 1494, 1500, 1505, 1529, 1534, 1565, 1582, 1590, 1593, 1603, 1607, 1629, 1632, 1637, 1653, 1663, 1667, 1670, 1672, 1722, 1724, 1726, 1744, 1745, 1752, 1761, 1783, 1800, 1812, 1817, 1820, 1844, 1863, 1874, 1888, 1894, 1898, 1914, 1931, 1945, 1946, 1950, 1954, 1956, 1979, 1981, 2004, 2005, 2010, 2022, 2039, 2051, 2064, 2065, 2112, 2137, 2143, 2150, 2157, 2174, 2215, 2229, 2236, 2249, 2268, 2282, 2283, 2289, 2304, 2342, 2345, 2354, 2358, 2376, 2380, 2410, 2426, 2435, 2458, 2464, 2465, 2482, 2487, 2488, 2492, 2504, 2529, 2531, 2546, 2562, 2577, 2586, 2590, 2597, 2602, 2627, 2638, 2647, 2656, 2665, 2669, 2701, 2703, 2755, 2757, 2762, 2772, 2774, 2775, 2813, 2892, 2914, 2915, 2929, 2943, 2987, 2988, 3001, 3011, 3015, 3018, 3019, 3027, 3038, 3041, 3061, 3064, 3083, 3117, 3132, 3137, 3140, 3145, 3148, 3169, 3171, 3173, 3176, 3182, 3195, 3212, 3222, 3223, 3236, 3239, 3242, 3248, 3251, 3252, 3264, 3273, 3278, 3294, 3316, 3319, 3320, 3323, 3341, 3368, 3398]
partition  74  has labels  [1376]
partition  75  has labels  [483, 1330, 1758, 2654]
partition  76  has labels  [1197, 1202, 2933]
partition  77  has labels  [1694, 2090, 2785]
partition  78  has labels  [545, 1391, 1422, 1577, 1662, 1711, 1784, 2262, 2549, 2592, 2843, 2977, 3034, 3384]
partition  79  has labels  [1215, 1449, 2456, 2578, 3187]
partition  80  has labels  [10, 23, 36, 49, 56, 98, 188, 207, 488, 489, 499, 539, 562, 571, 582, 591, 684, 729, 747, 764, 767, 805, 834, 856, 899, 913, 921, 956, 1035, 1049, 1065, 1073, 1094, 1096, 1177, 1179, 1268, 1269, 1287, 1289, 1294, 1339, 1350, 1375, 1487, 1561, 1566, 1633, 1638, 1650, 1690, 1721, 1780, 1794, 1809, 1851, 1855, 1893, 1909, 1911, 1975, 2036, 2082, 2119, 2184, 2223, 2232, 2239, 2297, 2325, 2370, 2387, 2389, 2483, 2548, 2563, 2615, 2631, 2672, 2719, 2721, 2760, 2831, 2950, 3023, 3062, 3079, 3081, 3155, 3160, 3207, 3266, 3292, 3333, 3375]
partition  81  has labels  [93, 164, 204, 288, 419, 465, 526, 543, 643, 649, 759, 766, 861, 880, 1335, 1413, 1423, 1574, 1624, 1697, 1714, 1755, 2021, 2042, 2294, 2327, 2407, 2759, 2849, 2996, 3036, 3073, 3094, 3134, 3174, 3194, 3358]
partition  82  has labels  [1467]
partition  83  has labels  [15, 67, 212, 234, 235, 576, 635, 711, 737, 785, 1062, 1666, 1675, 2104, 2142, 2151, 2281, 2419, 2424, 2453, 2557, 2564, 2584, 2924, 3057, 3072, 3110, 3224, 3271, 3372]
partition  84  has labels  [3225]
partition  85  has labels  [769]
partition  86  has labels  [2075, 2970]
partition  87  has labels  [1841]
partition  88  has labels  [2462]
partition  89  has labels  [97, 135, 218, 1145, 1377, 1810, 1845, 1987, 2095, 2168, 2960, 3091, 3312, 3340]
partition  90  has labels  [1922]
partition  91  has labels  [300]
partition  92  has labels  [2898]
partition  93  has labels  [3168]
partition  94  has labels  [19, 107, 116, 304, 453, 466, 477, 516, 622, 640, 668, 676, 679, 735, 746, 825, 873, 879, 924, 937, 987, 1025, 1044, 1236, 1247, 1319, 1356, 1370, 1513, 1542, 1551, 1643, 1707, 1859, 1862, 1918, 1928, 1953, 2009, 2040, 2041, 2206, 2267, 2303, 2457, 2503, 2506, 2532, 2547, 2628, 2633, 2740, 2750, 2809, 2942, 2948, 2979, 3075, 3085, 3116, 3149, 3221, 3374]
partition  95  has labels  [2033]
partition  96  has labels  [1461]
partition  97  has labels  [438]
partition  98  has labels  [444]
partition  99  has labels  [1141]
