3327 2449 2685 3065 2261
3327 3321 1376 1101 1099
3321 3327 2685 2151 1494
3327 1787 2260 2261 3321
3327 2069 2484 2788 3321
3327 3321 1781 3065 2685
1532 3321 3327 2417 1627
3327 3321 826 1594 2788
3327 3225 1627 1535 3224
2071 2073 3327 2970 2552
3327 737 3321 736 491
3327 3321 483 491 1627
3327 1627 3321 3110 555
3327 336 2203 2911 2924
3327 2710 3187 735 284
3327 444 1486 3321 1065
3327 3321 2788 896 444
3327 3321 1594 1106 1376
3327 164 842 1496 1627
3327 2573 3321 994 769
3321 2203 3327 300 2187
3327 3321 896 1742 1627
2788 3327 444 1594 3321
1627 3327 239 1278 3321
3327 1584 3321 1627 2960
2911 2573 2685 1011 3327
3327 865 1627 3321 2507
3327 3321 2685 994 2573
3327 1330 3321 2187 2186
3327 2573 2090 2370 3388
3327 3321 2685 537 2654
3327 2685 2573 67 2911
3327 2685 3297 969 994
2573 1905 3321 1439 787
3327 1360 2685 2456 3321
3327 3321 2685 1324 1391
3327 1964 2337 2911 3321
3327 994 2710 2255 2685
3321 3327 284 1175 2026
3327 2788 2933 323 2241
3327 1330 2187 2186 2685
284 3327 3321 2417 300
2788 3327 3321 2685 2447
2260 2592 3327 3065 745
3327 2685 2788 1202 3321
3187 3327 2685 2187 1330
3327 2788 1594 3321 2463
526 2696 3327 2100 2949
3327 2696 2447 2949 1627
1594 3321 3327 1576 1815
3327 1627 3321 2788 2710
3327 635 2788 3321 3065
3327 769 1584 3065 3321
2970 2071 3327 3321 2710
3327 2951 1758 2685 3168
3327 3321 1910 1627 1905
3327 896 3321 241 2609
284 3327 3321 300 301
2685 1376 2303 1594 3327
2573 934 3327 1011 2685
3327 2507 1627 2417 3321
3295 3327 2462 1171 3321
3327 2071 1987 2073 2788
3327 1330 3321 1627 235
3327 1905 2417 1205 1958
3327 3321 2696 2949 2447
3327 3321 1627 483 2685
3327 2507 2447 1141 1627
336 3327 2203 765 3321
1905 2573 3327 769 1906
3327 2788 3321 234 2248
537 2047 3327 2685 3321
1532 3327 3321 1627 2814
3327 3321 2447 2910 2609
3327 2788 3321 635 2710
2462 3327 2788 3096 3321
3327 1627 2417 1818 2696
3327 2447 2710 1627 3321
3327 826 3312 2685 3321
3327 3321 1627 969 2507
3327 1976 491 2788 3321
3327 1376 3321 709 825
3327 2685 1627 3321 2710
3327 2685 3321 2573 994
3327 1594 1416 1376 1658
3327 3321 2227 2286 2696
3327 1330 2187 3373 2685
3327 3321 1842 1841 236
2203 3327 3321 2614 896
3327 3321 3297 1532 2685
2573 3327 732 1055 3065
3327 1905 1958 2685 2451
2911 1411 3327 1011 3321
2203 3327 2685 896 888
2447 2696 3327 1152 2685
3327 268 284 994 1627
3327 2788 1262 444 3321
3327 1905 3321 1958 1205
3327 1243 2090 2447 3321
3327 3321 1787 2685 1324
3327 2710 1711 2559 176
3327 1627 3321 1467 2685
2033 2710 3327 537 2609
3327 2685 2073 2071 2289
3327 2685 2898 3096 2609
2696 3327 1731 1627 3321
3327 1976 491 2447 3321
3327 3321 2573 1175 2710
3327 2203 3321 2417 376
3327 3321 2911 2685 3035
3327 2710 3321 2685 290
3327 2818 2685 3363 3321
2071 3321 3327 2073 2788
3327 2417 1627 3225 344
2417 2507 3327 3225 135
2071 2073 3327 2970 2685
1976 491 3373 3327 2417
3327 1627 2417 2710 3321
3327 3321 1787 2898 2685
3327 2788 3321 323 2175
3327 2609 3321 1152 418
3327 234 1781 3321 233
3327 3321 1627 896 1841
1627 284 3327 2379 3321
3321 3327 2187 1330 2186
3327 2710 769 176 3266
3327 1547 2548 2456 284
3327 3321 2788 2609 1781
3327 1627 3321 896 284
3327 2447 1627 3321 1552
3327 284 1627 3321 2696
3327 3321 1011 3297 2573
3327 2609 3321 2417 640
3327 3321 2073 2071 2203
3327 3321 1313 1627 2507
3327 2917 490 2788 1197
3327 3321 934 2685 2953
3187 3321 3327 3072 2797
3327 3321 896 1301 692
3327 2911 3321 2685 2710
2696 3327 650 1627 3321
1554 3022 268 3327 1197
3327 3321 2260 2960 3363
3327 1627 1467 2951 1461
3327 3321 1922 2685 2710
3327 3321 2095 2098 1594
3327 3065 2710 3321 2788
3327 635 2788 2462 3321
1627 1841 642 3286 3327
3327 2788 2462 3321 2710
3327 3321 3298 749 994
3327 2260 3321 3065 1787
3327 236 2036 1841 1505
1627 2507 3327 3321 896
3327 2573 1011 3321 1845
3327 3321 1637 2739 2738
3327 3321 164 1627 1496
3321 3327 284 1841 1842
1627 3327 2696 650 2710
1152 3327 1141 3321 1215
3321 3327 2609 2710 3073
3327 491 1976 1297 483
3327 2549 1787 2818 3297
1627 3327 3168 1496 1252
3327 1461 1467 1469 1627
1964 3216 2573 3327 2361
3327 2462 2788 3321 323
3327 3321 1627 1379 1377
2008 253 3327 2364 2911
3327 1467 1461 1469 3256
3327 2609 2710 3321 2428
3327 3321 93 899 1401
3327 3321 284 300 2685
3327 3321 2260 2592 2911
650 2696 3327 649 3094
3327 2685 3321 704 2573
2203 3327 3321 300 2417
3327 2685 1987 2447 2788
3327 2849 3321 896 2850
3327 2447 2696 3321 2710
3327 3321 2385 2042 2710
3327 3321 2685 1905 2828
3327 3321 2447 1141 3096
1627 3327 642 643 2472
2696 3327 2447 650 649
3327 2818 1577 1787 1574
3327 2696 1627 3321 650
1627 3327 491 1943 3321
3327 3321 1627 2227 2685
1330 2187 3321 3327 2186
1532 3327 2814 3298 3321
3327 2788 1912 3321 2685
3327 2911 2337 2507 1397
3327 2260 2261 1584 1241
3327 3321 2911 3297 2573
3327 1781 1627 2685 3321
3327 3321 3128 3276 2696
3327 3321 1787 3297 2685
3327 2933 2788 323 3065
3327 1627 3321 3286 3225
491 2227 1841 3327 483
3327 3321 1976 1627 2710
3327 2187 3321 1330 1841
3327 1496 896 3168 3321
3327 1584 2911 2685 537
2203 3327 3321 375 284
2203 3327 3321 2710 2924
3327 2788 1627 2071 2417
3327 2456 3321 2685 2710
2573 3327 1905 3321 1439
284 3327 3321 2379 1627
3327 2203 2924 3321 2788
3327 1627 3225 3321 2507
3327 1106 1594 2098 3321
3327 2462 2788 3321 2685
3327 3321 1976 1627 2496
3327 1215 1554 1354 3022
3327 1330 2187 2186 3321
3327 2685 1330 2187 2658
2911 3327 1964 3136 2685
3327 3321 2507 1215 1627
3327 3321 2685 2710 268
3327 3321 2573 1011 934
3327 777 2573 2260 2261
3327 1344 3321 1141 481
3327 3384 2685 1011 2573
491 483 3327 1976 1130
3327 2685 2788 3065 1268
3327 2788 444 3321 1171
3327 2788 2710 3321 1627
3327 2573 769 3321 780
2507 3327 3225 2417 2710
2573 3327 2685 545 543
3327 3321 2685 2797 2851
3327 3321 2788 1781 2685
2447 3327 2696 3321 1269
2203 1627 3327 679 284
3327 3321 1627 3286 1830
3327 3384 1822 2685 2033
3327 2685 2462 218 2071
3327 2788 2462 2622 2399
3327 2203 290 2417 3321
3327 1976 3321 491 2609
3327 2710 1449 1141 2685
3327 3321 580 2297 571
3327 2203 2417 1627 3321
2685 3327 2710 491 423
1330 2187 3327 3321 2186
3327 1467 1461 3321 268
3327 1627 3321 3286 2142
3327 2788 1627 3065 1658
3327 3321 1627 2788 2098
2203 3327 679 2685 3321
3327 2447 3321 2609 2788
3327 2573 2685 2911 769
190 191 3327 2573 2071
2573 3327 787 2911 1011
3327 642 643 1905 3321
1964 2685 3327 2337 3321
3327 1547 3321 2685 994
3327 1627 1825 3321 1496
1905 3327 3321 3165 2685
3327 1905 2828 2685 1958
2203 3327 679 762 3321
3327 1964 3321 2911 769
3327 444 234 2788 1496
1141 1344 3327 1145 2168
2447 2507 3327 1627 3321
3327 1964 3321 2911 2337
3327 1627 2548 3321 3194
3327 3187 2417 3321 3072
3327 3321 2788 1496 1627
1627 3327 1504 2417 2187
3327 2507 3321 1627 2685
3327 2447 1987 2071 2073
3327 1884 1152 1885 2033
537 3327 1344 1912 834
3327 3321 2507 3225 2417
2447 3327 3321 2685 1627
3327 1330 3321 2187 1627
3321 3327 994 2417 3194
3327 2797 2933 491 2338
2573 3327 2407 2911 1001
3327 2696 2447 1627 3321
3327 745 2710 3321 2685
3327 3321 1594 2685 2098
2447 3327 3321 2609 2054
1594 1106 3321 3327 2098
1467 1461 3327 1469 3321
3327 2573 268 3321 769
2609 3327 1627 3321 1866
3327 3321 1330 1627 2186
3327 2788 3321 1124 2685
3327 2696 3321 1627 650
3327 3321 491 1976 3065
2788 3327 2462 635 2622
1344 1141 3327 2685 2168
3327 3321 1011 268 2911
3327 491 1318 1976 284
3327 3187 1654 3321 1330
3327 3253 3321 336 2911
2203 3327 3321 2417 2740
3327 2447 3321 871 1694
1344 3327 3321 1141 537
3327 2447 2788 2685 2462
2456 3327 1330 559 2453
3327 2507 2417 1627 1535
3327 994 3194 1375 1374
3327 3321 2685 1197 3123
3327 1711 2456 3321 3085
1467 1461 1967 2278 1469
3327 3321 2685 1627 2710
2573 3327 2685 1011 1905
3168 3327 2935 1627 2937
3327 1627 896 1252 3321
3327 3321 2158 3065 1627
3327 3321 1905 2685 1205
3327 2911 3321 2337 1964
3327 1627 2788 3321 2685
3327 3321 1141 2447 1912
2203 3327 2417 3321 438
3327 2071 929 190 3321
3327 3321 994 2685 3194
3327 3321 1627 2933 3168
2573 3327 883 2685 545
3327 2203 3321 2614 896
3327 3321 2417 1344 537
3327 2573 3065 30 2810
284 3327 3321 301 300
2203 3327 679 2685 1627
3327 1781 2447 1714 3321
3327 1841 2332 1787 594
3327 3321 1141 1655 1344
2456 559 3327 3321 2685
3286 1627 3327 2507 2142
1905 3327 3321 1958 2685
3327 3168 1627 3225 2685
3327 235 1330 3321 3253
3327 491 1976 3321 1318
3327 2685 704 2911 994
3327 1841 236 1842 2036
3327 1141 3321 537 1145
2573 3327 2685 1627 1011
3327 1627 491 483 2710
444 3327 3321 1486 2788
3327 3321 268 1011 284
3327 3321 1330 2187 1841
3327 3321 880 2818 2573
1627 3327 3321 896 1182
2911 1467 1627 1461 2685
3327 635 2788 2070 1627
3327 3321 1152 2685 1205
3327 859 861 3321 537
2573 3327 545 1439 1011
3327 3321 3297 2417 1437
3327 1627 290 2685 1552
3327 1627 3168 1625 1215
3327 1594 3321 1365 1268
3327 896 1627 3321 2417
3327 1586 190 2573 880
1594 3327 3321 1356 1268
3327 1905 2573 1906 3321
3327 704 2685 707 2573
3327 2507 3298 3321 1787
3327 2456 2685 3321 2710
1976 3327 1627 284 491
3327 1841 3321 1627 1842
3327 2158 2449 3065 601
3327 896 3321 1627 2685
1964 3327 2843 3216 2034
1467 1461 1469 3321 3327
3327 1577 1574 3321 769
3327 1145 1344 1141 537
3327 2609 2447 2654 2788
3327 3321 1694 1141 2637
3327 3321 1627 896 2685
3327 896 2696 3321 1376
3327 2685 2573 3321 2911
3327 2507 1141 1627 3321
3327 3321 3373 1905 2685
3327 2788 635 3065 2236
1976 491 3327 344 3321
1976 491 3327 483 3321
3327 2417 1627 3321 1976
3327 1627 3168 1841 2685
3327 1841 1396 896 3321
3085 3086 3327 1011 2911
2203 3327 924 336 1627
3327 1330 3321 2187 2186
3327 1627 3321 2507 135
3321 3327 2710 2609 2507
3327 3321 2685 2496 3373
3327 2685 1627 1141 2910
1627 3327 1470 3321 290
3327 3321 1627 1205 1376
3327 2507 1627 3321 135
2685 3327 3321 1967 769
3327 1627 3321 358 2788
3327 3321 2573 191 190
3327 2685 1746 3363 2033
3327 3321 2685 3297 3065
1594 3327 3321 2098 1044
3327 2310 2021 3373 2685
3327 2685 1171 3321 336
3327 284 1627 2379 301
3327 3321 1964 769 2685
3327 2203 3321 2924 3065
3327 2090 3065 2685 969
3327 2911 994 67 1627
2970 2073 3327 3321 2788
3327 3321 2911 994 2573
2047 537 3327 3321 158
3327 2788 1215 1449 1554
2911 2573 2685 1011 2578
3327 3321 2685 2609 2788
3327 2609 969 3321 2447
2609 3327 3321 2447 1866
2203 3327 3321 2685 376
3327 2609 2788 3321 1594
3327 3321 2685 2788 323
3327 3321 284 1841 1627
3327 1627 2447 2696 2685
3327 2507 1627 2417 164
2573 3327 3085 3086 1011
2203 3327 2472 3321 2473
3327 3321 2788 3361 1781
2033 537 3327 2685 3321
3327 2609 2710 1194 2447
2456 559 3327 2453 560
3327 3194 290 994 1375
3327 1594 3321 2685 505
3327 3321 1197 1215 2788
1467 3327 1461 2951 1469
3327 3321 2818 2685 1011
3327 3321 1627 3096 2788
1905 3327 1958 3373 3321
3327 3297 2685 3298 2114
3327 2685 1467 3321 896
3327 1627 3321 955 2710
2696 1627 3327 650 3321
3327 268 284 3321 267
1543 2073 2071 3327 191
3327 491 1627 2417 3321
3286 1627 3327 3321 1504
3327 3321 2685 1627 2788
3327 2042 1627 1496 2040
3327 3321 1627 2788 2685
3327 1922 176 2609 2788
3327 3321 2609 2685 1594
3327 1594 2788 2609 3321
3327 2573 2911 1011 704
3327 2417 265 1866 2447
3327 2788 3321 826 2710
3327 164 1746 3321 842
2685 3384 3321 3327 2573
3327 1976 1627 1205 491
3327 1627 3321 3168 2685
2696 3327 1014 3321 2949
3327 3361 2710 3321 2447
3327 1905 3321 1627 3373
3327 3321 2788 1781 1627
3327 2462 2788 2013 1062
3327 1330 2417 1976 1627
580 571 3327 3321 2685
3327 3321 2260 2818 2685
3327 3168 268 1627 3321
3327 3321 3065 2685 2710
2788 3327 2462 3096 826
3327 2788 2071 1538 2685
1627 3327 3321 1204 438
3321 3327 2456 2417 284
3327 444 2788 1486 1376
745 2710 3327 2609 896
3327 3321 1627 3168 826
3327 1594 2609 2266 2685
3327 2788 3321 1781 2710
3327 3321 1205 1627 1976
3327 3065 1449 284 268
3327 3321 1627 491 1297
3327 2788 3321 1627 635
3297 3327 3321 1787 2814
3327 1330 2187 2417 2186
3327 3321 1627 896 1301
3327 2054 1841 302 2685
3327 2609 3321 797 1106
1547 3327 727 994 729
3327 2609 3321 745 3096
3327 3321 444 2788 2710
3327 2911 2685 3321 1781
3327 2788 994 1884 3096
3327 3321 3065 2449 1171
3327 491 3321 1976 2417
2609 3327 3321 2949 1106
3327 1627 896 3168 2507
3327 3321 537 2685 1627
3327 2685 3321 2710 1627
3327 1627 2417 3321 1330
3327 3321 1594 1746 1781
3327 3321 3187 1627 896
3327 1627 2507 3321 308
3321 3327 2685 2710 896
3327 2573 176 3321 2685
3327 2496 1905 1976 3321
1197 3327 2917 3321 3022
2008 2710 253 3321 2685
3327 3321 2685 1313 1627
3327 1627 3321 2696 2685
3327 3321 2788 1627 969
3327 284 2099 2447 896
3327 2203 2685 1062 3321
3327 2203 1413 1627 1423
1594 3327 1376 2098 1106
3327 491 3321 556 1976
3327 2788 3321 1215 684
2573 3327 2331 1011 1845
3327 896 3321 2685 2507
3327 2507 1627 3321 1859
3327 3321 2685 2609 2788
3327 1547 190 3321 191
3327 3321 2447 2696 1905
3327 1627 3168 2685 1551
2260 2261 3327 2592 1964
3327 3321 2203 1627 2685
3327 2685 3321 2710 290
2203 3327 3321 336 3065
3321 3327 2788 2710 2071
3327 3321 1905 2710 3373
934 3327 2573 3297 2685
1467 1461 3327 1469 1465
1627 2696 3327 2227 3321
2573 3327 1845 1837 1011
3327 1141 3321 2417 1145
1627 3327 3321 224 1552
3327 2417 1976 491 3321
3327 1964 3350 2573 3321
3327 208 3297 2710 1627
3327 1627 2507 3321 308
2685 2203 3327 3321 2687
3327 2447 1987 2073 2071
3327 3321 2609 994 290
3327 2071 2788 883 2573
3327 3321 2685 2260 3096
3327 3321 1449 284 1627
3327 2788 3321 444 2248
1905 2685 3321 1958 1542
2573 3327 1467 1461 1011
1627 3327 2507 3286 211
3327 3321 1627 2685 284
2507 3327 1627 2447 1937
3327 2609 3321 1179 745
3327 491 1976 1318 3321
3327 2417 438 1627 3321
3327 663 595 1627 611
3327 3321 1627 1077 1078
3327 1376 1841 1445 2685
2203 3327 1627 284 2710
3327 2573 1011 3321 2685
3327 2788 2462 3321 2622
2573 3327 190 191 2073
3327 3321 1627 491 2187
3327 2573 191 2685 190
2788 2462 3327 2622 3321
2187 1330 3327 2186 657
1964 1810 1584 3196 11
1171 1062 2788 2685 1202
635 3327 2788 30 2462
284 3327 1627 2379 301
3327 1062 1171 3321 1202
2203 3327 1566 2685 284
1922 3327 1152 2609 3096
3327 2261 2260 2960 3060
3327 3321 3373 2654 1011
3327 1627 3321 2654 2456
3327 1594 3321 2098 1746
3327 2818 2549 1627 1912
3327 2772 3321 1437 2685
3170 190 3327 2573 940
2573 2685 3327 1964 1011
3327 2788 2970 2685 3321
3327 2071 1011 2710 2586
3327 3321 3350 3297 1787
2609 3327 3321 1905 2685
3327 1841 236 2036 3321
3216 1964 3327 2573 2685
3327 2187 1330 1627 3321
3327 3321 2456 2685 2710
3327 3321 2685 2911 253
1594 2609 3327 3321 245
3327 2573 176 2710 3321
2203 3327 679 1627 3321
3327 3321 2685 2203 1905
769 780 696 3327 777
2447 3327 3321 2788 2609
1330 2187 3327 2186 3321
3263 2911 3262 3274 3327
3327 2158 3065 2449 601
3321 444 1486 2788 3327
3327 1976 3321 491 3372
284 3327 300 994 3321
3327 3321 3065 3185 1449
3327 3321 2710 2573 969
284 3327 1627 3321 1830
3327 3321 994 3065 3342
1627 3327 224 3321 2685
1627 3327 3321 2507 3286
2071 3321 2685 3327 2073
537 3327 2047 3321 2685
2685 3327 3321 642 1627
2573 3327 2911 1011 3216
3327 2573 1905 3321 2654
3327 2507 2447 1627 1141
3327 2609 3096 2685 2447
3327 1627 2685 2696 2710
491 483 3327 1976 1318
3327 3321 2685 1905 1011
3286 2507 1809 1627 3327
3297 3300 3327 1662 3321
3327 3297 3321 1787 520
3327 642 2507 1627 3321
3327 2685 3321 2788 1781
1905 1958 3327 1906 3321
2447 2696 3327 2685 3094
1141 3327 3321 2788 1344
3327 3321 1627 2710 2696
1627 642 3327 3321 3168
3327 3321 3253 3187 2090
3327 1141 3321 537 2685
2203 3327 3321 2417 438
3327 537 1841 1627 3321
3327 3321 1781 1197 2462
3327 1141 2685 537 3096
3327 2685 3321 1627 1758
3327 268 1627 3321 2685
3327 3226 1784 1589 3200
3327 3321 2788 2685 290
1787 3321 3327 606 2090
3327 3168 1252 1413 3321
3327 3321 2797 3187 2787
3327 1330 3321 2187 2186
3327 3096 2609 2910 2447
3327 2456 3321 3312 2685
3327 1976 3321 2447 491
3327 2071 2073 3321 191
2447 3327 1152 1627 3321
2071 2073 3327 1987 2075
3327 2417 3321 491 2203
3327 2685 3321 1627 2788
1976 3327 3321 491 1318
3327 3187 2158 3321 3072
3327 3321 1627 2710 2685
3327 1627 2685 994 268
3327 3321 2573 2909 2788
3327 2685 3321 2710 290
2507 3327 220 2447 3321
2573 3327 290 769 2685
3327 3321 3022 1215 1554
1467 1461 3327 3321 1469
3327 1467 3321 1461 2685
1987 3327 2447 1292 3103
284 3327 3321 300 301
3327 3096 3321 1152 1694
2071 3327 2573 1547 190
3327 2788 1627 2507 2710
3327 1215 1135 896 3321
3327 3321 1594 2100 2696
3327 3321 1627 3168 2481
3168 3327 3321 1627 2248
3327 2507 1535 1627 805
3327 2685 2609 3321 2104
3327 537 1773 1922 1344
727 1547 729 3327 994
2260 3352 3327 2261 3065
3327 463 698 466 465
642 3321 3327 2696 643
3327 3168 2685 1888 3321
3327 3321 928 3379 290
190 2073 2071 191 3327
1344 3327 1141 2033 2685
3327 1594 2098 635 3321
3327 3321 2685 3065 290
284 3327 301 300 3321
2203 3327 2740 1967 2685
3327 2203 3321 1627 300
2203 3327 2685 1627 676
191 190 2071 2573 3327
3327 3321 268 1781 1627
3327 1912 2849 3358 2090
3168 3327 3321 2685 1627
3327 2685 769 3060 3035
3327 3321 2788 2685 2755
3327 491 1627 3321 1976
3327 1627 2685 3321 1194
2788 3327 323 2933 2685
3327 1627 491 3187 1976
3327 3321 1976 1330 737
3327 3321 1627 2685 2417
3327 2573 2337 1547 2911
1627 3327 3321 2507 3286
3327 3297 2911 1011 3321
3327 697 696 2071 929
3327 1330 2187 3321 1073
3327 284 1627 3321 2788
3327 2609 3321 555 2033
3327 1627 3321 2021 491
3327 1417 2911 3321 2180
3327 3321 2710 2685 2911
929 3327 934 2685 2573
3327 1627 2507 2759 2788
2573 3327 2818 2911 1011
3327 3321 1905 2447 2788
2203 336 3327 2924 3065
3327 1584 769 3321 1467
3327 3321 2788 2710 1627
3327 1627 3321 2417 284
3327 1905 2685 643 1958
3327 1905 2685 3321 1781
3327 1987 2447 3321 2788
3327 1818 1627 2417 896
2685 3327 3297 3321 1037
3327 2260 2261 3352 2911
3327 2203 2417 1742 1976
3327 3321 2818 1787 3297
3327 1627 3321 2227 2685
3327 2685 1905 3321 1205
3327 1532 3321 1787 3298
3085 3086 3327 2911 2573
1627 3327 211 896 212
3327 2573 3136 3321 1011
1627 3286 3327 3321 2142
3327 3321 2462 2788 2710
3327 2685 268 2573 3321
3327 2203 2685 2740 3321
3327 1594 3321 444 2098
3327 2203 1627 2417 896
3327 642 1627 3321 526
3327 3321 2685 1943 2573
2609 3327 2428 2685 3321
737 736 3327 2417 491
3327 3321 2685 2710 438
3327 1627 241 2710 2788
3327 3321 3096 2710 2447
2911 2337 1964 2203 3327
3327 3321 2710 290 1714
3327 2685 1055 769 3035
3327 3321 2685 2417 1627
3327 191 2071 2710 2073
3327 2685 2507 2417 3286
3327 2970 2071 3321 2073
2573 3327 191 190 2071
284 3327 301 300 3321
3327 3321 2685 2507 994
3327 3321 2685 3266 1283
3327 2187 236 235 1330
3327 896 284 1376 1627
2260 3327 2261 2592 3297
1964 3327 2337 3196 2361
1376 3327 3321 825 642
3327 1905 3321 1958 1205
3327 3065 1627 336 2203
3327 1376 3321 2685 2671
3327 1152 3321 1627 2447
3327 3321 2788 3096 2071
3327 3253 336 3321 2090
3327 3321 2685 1627 322
3327 2447 3321 1987 2609
3327 2447 2710 2788 2685
3327 2685 3253 769 1584
3327 2507 2417 1859 3321
3327 1594 2609 2098 3321
3327 1627 3225 2305 2417
3327 3065 253 994 3321
3327 3065 3068 3321 3352
3327 3321 2788 2797 2787
1467 1461 1469 3327 3321
3327 3321 2447 2609 711
3327 2960 3321 2685 2573
3327 2187 1330 2186 3321
2609 3327 3321 1627 2417
3321 3327 1627 301 2785
3327 1584 2104 2409 2685
3327 3321 2417 2685 1627
2970 2710 218 3327 2071
1627 3327 3286 1852 896
3327 3321 994 1584 3282
2033 3327 537 1832 3321
3327 2260 2261 2592 3321
3321 3327 2548 2685 826
3187 3327 2797 3072 3321
3327 2203 3321 1627 2685
3327 3321 2849 1627 2685
3327 2573 3321 2071 191
1344 1141 537 3327 2071
1627 3327 2759 2710 2507
3327 3321 2788 2417 3065
284 301 2379 3327 438
3327 2685 704 2911 707
3327 3187 3321 1627 1449
3327 3321 2685 1376 488
3327 1627 896 3096 1262
491 3327 1976 1318 344
3327 2227 1552 1627 1976
3327 1467 1461 3321 1469
3327 3321 1627 2507 2685
3327 3321 1976 491 2447
2696 2447 3327 2788 650
3327 3321 2710 2685 284
3327 3065 769 994 1827
3327 3321 1905 1627 969
3327 1627 3321 2685 1781
727 3327 2548 1547 2456
3327 2951 571 580 2710
3327 3321 2685 2710 1758
3327 2573 2685 2710 3321
3327 2788 3321 2462 635
1987 2447 3327 2071 2788
3327 1627 444 2788 3321
191 190 3327 2573 2071
3327 2071 3321 2788 2685
3327 1987 2447 3123 1905
3327 2788 3321 2933 323
3327 2071 2073 1498 1547
3327 2685 234 3321 2649
3327 3321 2685 1905 3373
3327 1376 3321 1216 896
3297 1787 3327 3298 2685
3327 3321 2573 1943 2685
3327 1976 491 3321 2685
2911 3327 2260 2710 1964
3327 2788 1627 3321 2462
3327 3321 2573 2685 2411
1376 1594 3327 2685 174
284 1627 300 3327 301
2203 3327 3321 2740 2924
3327 2849 3321 1781 1627
3321 3327 2447 2788 2685
2071 3327 2073 2685 3321
2818 3327 2685 1193 2549
2158 3327 2449 2892 3065
3321 754 3327 1344 1141
1344 537 3327 1799 379
3327 3321 1627 2685 994
3327 3321 994 2685 1658
1376 3327 3321 825 1893
1594 3327 2098 3321 1044
3327 537 1627 3321 2685
3327 284 2685 1627 1841
1905 3327 3321 1958 1906
537 3327 1344 1141 2685
2573 3327 2685 2104 3321
3327 3321 2981 2430 2417
3327 2507 2417 3225 1627
3327 3321 2447 2685 2710
3327 1467 1461 3321 2071
2573 3321 3327 1011 2911
3327 2685 3321 290 2203
2071 3327 2073 3321 1498
3327 284 3321 1627 2710
3327 1547 2911 2573 3321
3327 3321 3187 2417 2187
3327 3297 2843 2573 1011
3321 1344 3327 379 2685
3350 3327 2133 3321 2818
1976 3327 2685 2417 438
2696 650 3327 649 3094
3327 3321 1594 635 2788
3327 2685 268 2573 1011
1964 1328 3327 3321 2337
3327 636 1467 1461 2685
2203 3327 1566 1467 2740
2203 679 678 1781 2616
284 1330 3327 2187 657
3327 2685 3321 2788 362
3327 2573 1011 2685 704
3327 2685 3363 3321 2033
537 3327 2033 3321 2685
580 1197 571 3327 3167
3327 2685 3321 2788 1905
284 3327 3321 300 2685
3327 635 2788 2070 3065
3327 1976 3321 2685 2654
3327 2696 3321 1627 2949
3327 2685 3060 2260 2818
3327 1141 2507 491 483
2696 3327 650 649 3321
3327 3321 1376 1627 2788
3327 2507 1535 3225 2316
2456 3327 2685 284 1953
1141 1344 3327 1627 1145
3327 2788 444 234 284
3327 191 190 2071 2573
3327 1467 3321 2685 1461
3327 537 1912 2710 2685
3327 3321 2685 2788 3065
2696 650 3327 649 3321
1376 1594 3327 1025 2303
3327 1594 564 2685 2095
3327 1746 1618 1481 2367
3327 2573 769 2685 1584
3327 2573 3321 1905 449
3327 1594 2098 1194 2788
3327 3297 1662 2685 3298
3327 1627 3321 2685 3225
2456 3321 284 3327 2453
3327 880 2685 1193 2818
3327 2609 1905 3321 1594
3327 2447 2788 3321 491
3327 2788 3065 1997 3321
994 3327 3194 1627 3321
3327 1467 1461 3321 284
3327 1594 444 2788 1356
3327 2685 3321 1129 1194
1171 3327 3065 3060 3352
3327 2417 268 3321 284
3327 2933 3321 2788 323
3327 2447 2788 2685 2117
2609 1594 3327 3321 1049
1467 1461 3327 1469 2911
3327 2417 1627 1215 1135
1958 1905 1205 1906 3327
1594 3327 2098 3321 1044
3327 3321 3350 2573 2911
3327 2507 1141 2417 2447
3187 3327 3321 3072 1627
3327 2203 284 3321 2417
3327 1594 1949 2609 1215
3327 2203 3321 826 375
3327 2710 2685 2838 2609
3327 2260 3352 2261 3318
3327 3321 1467 2685 1461
3327 2447 3321 2696 1627
3327 1781 3321 2685 1627
3327 2033 2911 1011 172
3327 1627 268 3321 284
3327 1376 1594 2483 2685
3327 969 1627 3321 2507
3327 3321 2818 994 3090
1215 3327 2788 1627 2511
3327 3321 1964 2337 2260
1731 3327 3168 3321 1496
3327 2573 2911 2685 3321
3327 2685 491 2417 1627
3327 2203 301 2417 397
3327 3321 896 1627 2696
3327 3321 1330 2417 2187
3327 2818 1787 3321 1627
3321 3327 1627 2685 284
3327 2203 284 1194 3321
3327 491 3321 1976 2417
3327 3321 2447 2685 1627
2818 3327 880 1193 2573
3327 3321 2203 1905 2685
3327 3321 1627 2685 2696
769 3065 3327 3321 1584
3327 2685 284 3321 896
3327 2198 3321 3253 3262
284 3327 300 3321 301
2696 3321 2447 3327 1731
1627 3327 3321 224 2685
3327 2507 1141 2058 1627
3327 2788 2685 1658 1594
3327 253 2008 1584 1194
3327 3321 1627 2417 769
3327 2685 1943 2710 1942
3327 2685 3350 2573 3216
3327 1964 2911 2685 3321
3327 3321 2071 2073 2788
3327 2573 191 190 2071
3327 1905 1413 1423 2685
2573 3327 2685 1905 3321
3327 2417 491 438 537
2507 3327 1141 2447 3321
2814 3321 1200 3297 3327
3327 1905 3321 2685 2203
3327 1594 3321 3168 2098
3327 1967 3168 3367 1496
3327 1330 2417 2187 3321
2615 1987 3321 2616 1467
3327 1141 3321 3096 2788
2203 3327 1847 2417 1627
3327 1141 3321 2507 1145
3327 2788 3321 1152 1627
3327 1532 2814 3321 1627
3327 3321 1496 842 1731
3327 284 3321 1627 2685
1627 3327 3321 2507 2417
3327 1376 2685 3321 1205
2685 1215 3327 284 994
3327 1627 164 2507 1496
2573 3327 191 2071 190
769 3065 3327 1627 777
3327 3321 1627 2223 896
3327 3321 2911 2459 2611
3327 3321 381 537 2685
3327 3321 2573 1584 2071
3327 2447 3321 2685 2609
3327 2685 3321 2573 2911
3327 2203 1627 3321 3161
2071 3327 2073 2788 2075
3327 3321 2685 2654 3065
3327 2911 2573 3321 1964
